233
129
109
131
203
389
140
172
91
431
311
228
16
207
292
351
188
84
124
428
283
172
144
174
283
366
341
61
176
452
314
292
87
234
204
66
189
438
463
447
102
173
125
247
399
424
444
291
350
491
200
416
140
385
326
448
421
31
105
285
334
145
212
488
436
387
96
109
371
316
396
138
98
327
481
193
45
49
14
147
174
282
34
7
186
237
496
372
337
337
459
286
242
453
223
259
460
336
121
95
196
21
427
30
37
297
417
491
333
236
21
4
77
488
250
26
486
405
119
115
392
112
210
448
25
456
191
304
381
201
206
103
468
47
375
88
479
435
379
161
234
169
119
246
112
204
295
403
159
417
448
176
95
399
11
435
49
193
262
97
60
7
245
337
145
248
214
414
84
223
1
352
9
74
331
173
371
421
135
365
477
321
172
158
411
452
457
45
427
490
431
319
202
335
101
132
248
315
38
334
228
89
17
6
30
362
416
236
10
6
65
264
98
481
181
162
189
357
306
188
152
408
215
411
201
106
237
87
408
390
137
107
250
343
297
147
231
392
353
407
400
284
150
10
418
499
465
311
225
285
325
478
366
324
456
249
98
481
462
319
32
294
199
256
321
235
499
290
179
358
452
169
402
260
291
145
51
255
124
398
438
362
262
468
235
131
243
451
174
394
316
344
92
388
149
34
438
141
358
484
269
306
92
132
269
463
414
39
432
84
17
154
183
170
441
491
466
62
462
304
160
208
65
88
43
52
98
4
45
378
93
468
53
273
83
273
171
407
286
205
47
67
27
149
178
366
485
142
441
147
469
316
79
491
335
12
365
298
424
247
275
135
442
465
182
49
153
299
346
190
452
243
287
454
455
312
66
439
159
373
474
284
390
394
205
423
360
374
230
1
481
201
323
39
317
91
481
66
60
145
378
208
304
411
425
207
41
80
93
75
345
222
201
444
48
150
154
326
361
105
290
254
428
118
438
337
92
391
149
416
326
83
93
497
269
319
224
174
101
165
415
159
136
162
87
499
7
328
97
317
48
321
97
355
182
149
46
208
9
8
76
487
102
464
92
201
124
244
160
378
298
458
36
400
58
72
63
168
251
355
98
90
249
450
144
413
3
51
488
203
214
462
297
227
155
88
395
165
434
78
