810
557
958
253
532
12
162
843
795
369
625
235
584
897
819
213
907
140
908
307
415
977
285
373
978
49
100
579
679
662
639
755
218
575
511
642
697
132
812
390
354
65
577
762
875
881
113
913
541
195
22
258
604
539
29
922
2
141
73
484
676
936
417
248
564
589
985
81
557
634
484
915
555
913
374
400
74
400
170
812
732
120
121
252
331
342
816
382
203
421
842
413
923
682
253
853
514
511
185
530
763
384
682
792
357
915
449
334
94
118
978
31
586
999
293
339
488
274
293
230
476
481
526
421
920
4
97
633
427
558
233
936
210
511
25
793
547
981
749
307
421
65
165
291
812
683
231
209
11
458
656
756
733
808
829
798
818
876
748
704
735
240
709
606
192
415
673
982
677
965
441
51
832
709
979
869
221
892
499
689
156
385
197
90
965
949
869
636
264
338
964
311
565
578
42
820
814
26
997
873
254
959
869
967
367
274
529
816
475
570
51
480
38
301
100
475
555
923
262
627
495
945
823
174
619
587
153
703
643
312
506
820
179
830
750
55
545
317
263
416
94
485
997
157
406
836
491
791
842
892
446
124
680
459
331
69
295
4
344
339
620
40
16
673
433
12
637
94
837
545
711
898
700
85
620
409
682
895
732
333
935
73
262
443
521
799
284
667
66
260
445
145
217
781
77
674
18
544
618
76
385
886
464
397
525
597
639
533
239
783
976
829
777
900
784
418
93
236
380
623
106
716
197
483
842
174
640
610
145
361
272
882
971
816
413
168
154
378
732
175
933
596
957
720
456
445
397
212
940
839
575
908
167
131
902
533
496
428
985
208
672
838
871
217
237
921
235
48
534
526
297
327
890
850
42
684
771
80
124
367
419
171
697
400
700
399
309
407
684
89
893
787
792
571
838
787
155
728
124
165
219
722
471
565
530
369
531
407
44
389
212
112
297
237
306
719
238
517
761
521
567
42
65
157
972
426
446
733
745
768
782
904
874
339
396
547
858
415
197
609
185
339
952
918
592
677
803
317
16
822
580
211
373
771
801
769
142
824
777
310
50
903
650
114
25
795
737
755
991
74
94
320
3
692
764
307
671
216
791
808
851
462
712
602
54
872
917
111
133
282
923
817
348
895
394
575
59
151
446
487
942
889
597
403
773
670
527
900
595
359
683
564
265
125
621
725
191
807
922
365
365
206
440
778
627
228
643
708
479
966
782
99
649
743
702
329
44
868
153
732
710
336
570
544
864
17
427
886
154
915
438
296
786
925
55
375
305
177
972
533
400
401
574
502
263
996
577
199
711
424
420
801
494
299
320
385
961
92
298
285
506
669
876
412
60
987
617
123
196
134
138
888
302
569
740
902
677
865
355
23
319
431
49
876
655
770
948
739
454
524
92
883
663
190
355
355
7
697
303
810
733
173
564
885
32
141
52
793
307
58
186
241
632
601
36
553
469
335
222
859
951
440
251
520
801
998
879
555
290
903
71
666
437
878
77
627
53
192
156
204
126
662
531
497
446
183
227
560
380
590
525
435
146
894
939
284
11
26
755
129
354
44
364
805
635
408
892
163
947
312
832
187
945
273
714
667
652
126
152
312
841
340
961
681
445
96
436
129
709
878
270
27
612
434
65
896
432
825
847
708
165
952
519
563
949
379
717
128
549
492
98
718
414
43
722
676
845
889
777
742
290
337
614
438
890
803
702
101
931
658
888
98
27
28
74
917
474
996
226
289
407
128
445
236
110
507
694
944
53
478
648
663
40
125
48
432
107
88
898
253
698
729
806
508
974
778
795
836
41
554
936
359
283
573
239
180
982
836
319
297
869
406
523
652
288
909
333
865
221
474
81
283
489
224
221
407
71
856
681
406
640
25
92
376
80
228
26
273
978
628
704
918
809
780
57
308
817
562
398
525
413
682
434
907
214
14
818
778
753
694
954
956
260
310
288
480
866
770
925
455
28
418
982
701
979
753
731
935
519
675
266
533
526
510
98
554
160
223
832
571
831
96
824
47
674
874
518
435
433
815
966
937
390
377
924
836
206
249
738
664
303
307
224
992
754
623
631
544
457
54
783
423
740
99
506
718
468
628
470
408
113
837
661
507
249
257
796
645
409
938
128
817
253
3
250
888
583
593
708
522
802
859
461
615
40
66
483
982
324
63
77
990
840
330
835
89
557
589
473
670
229
468
201
528
34
46
682
236
974
189
76
140
427
457
165
287
170
48
27
561
555
633
314
472
464
222
709
542
130
126
796
12
900
940
143
610
551
972
141
483
